name: pipeline
channels:
  - conda-forge
  - defaults
dependencies:
  - bzip2=1.0.8=he774522_0
  - ca-certificates=2024.2.2=h56e8100_0
  - cuda-nvrtc=12.3.107=h63175ca_0
  - cuda-version=12.3=h32bc705_2
  - cudnn=8.9.7.29=hc5a83b5_1
  - cupy=13.0.0=py310hf061c48_3
  - cupy-core=13.0.0=py310h786427b_3
  - fastrlock=0.8.2=py310h00ffb61_2
  - ffmpeg=4.3.1=ha925a31_0
  - intel-openmp=2024.0.0=h57928b3_49841
  - libblas=3.9.0=8_mkl
  - libcblas=3.9.0=8_mkl
  - libcublas=12.3.4.1=h63175ca_0
  - libcufft=11.0.12.1=h63175ca_0
  - libcurand=10.3.4.107=h63175ca_0
  - libcusolver=11.5.4.101=h63175ca_0
  - libcusparse=12.2.0.103=h63175ca_0
  - libffi=3.4.4=hd77b12b_0
  - liblapack=3.9.0=8_mkl
  - libnvjitlink=12.3.101=h63175ca_0
  - libsqlite=3.45.1=hcfcfb64_0
  - libzlib=1.2.13=hcfcfb64_5
  - libzlib-wapi=1.3=hcfcfb64_0
  - mkl=2020.4=hb70f87d_311
  - numpy=1.26.4=py310hf667824_0
  - openssl=3.2.1=hcfcfb64_0
  - pip=23.3.1=py310haa95532_0
  - python=3.10.13=h4de0772_1_cpython
  - python_abi=3.10=2_cp310
  - setuptools=68.2.2=py310haa95532_0
  - sqlite=3.41.2=h2bbff1b_0
  - tk=8.6.13=h5226925_1
  - tzdata=2024a=h04d1e81_0
  - ucrt=10.0.22621.0=h57928b3_0
  - vc=14.2=h21ff451_1
  - vc14_runtime=14.38.33130=h82b7239_18
  - vs2015_runtime=14.38.33130=hcb4865c_18
  - wheel=0.41.2=py310haa95532_0
  - xz=5.4.5=h8cc25b3_0
  - pip:
      - cachetools==5.3.2
      - colorama==0.4.6
      - coloredlogs==15.0.1
      - flatbuffers==23.5.26
      - humanfriendly==10.0
      - mpmath==1.3.0
      - nvidia-ml-py==12.535.133
      - nvitop==1.3.2
      - onnxruntime-gpu==1.17.0
      - opencv-python==4.9.0.80
      - packaging==23.2
      - protobuf==4.25.3
      - psutil==5.9.8
      - pyreadline3==3.4.1
      - sympy==1.12
      - termcolor==2.4.0
      - windows-curses==2.3.2
